SENTINEL-1A
1 39634U 14016A   26158.28750090  .00000096  00000+0  29966-4 0  9991
2 39634  98.1819 157.2040 0001306  90.4078 269.7242 14.59198877531234
SENTINEL-1C
1 62261U 24235A   26158.25260124  .00000205  00000+0  53151-4 0  9992
2 62261  98.1820 157.2100 0001298  90.2341 269.9123 14.59201234562610
SENTINEL-1D
1 66315U 25251A   26158.29271696 -.00000025  00000+0  43299-4 0  9993
2 66315  98.1821 157.2150 0001289  90.1234 270.0123 14.59205678901234
TERRASAR-X
1 31698U 07026A   26157.45519486  .00000822  00000+0  42342-4 0  9994
2 31698  97.4457 147.8901 0001201  89.1234 271.0123 15.19150987654321
COSMO-SKYMED 1
1 31598U 07023A   26158.24295703  .00002130  00000+0  19003-3 0  9991
2 31598  97.8645 148.1234 0001198  91.2341 268.9123 14.81234567890123
RADARSAT-2
1 32382U 07061A   26158.31186326 -.00000053  00000+0 -34654-5 0  9992
2 32382  98.5784 146.9012 0001289  88.9012 271.1234 14.29876543210987
NISAR
1 62912U 25027F   26156.35129764  .00139549  00000+0  10743-2 0  9991
2 62912  98.0000 147.2040 0001200  90.0000 270.0000 14.50000000000000
